Sample	r_processed	r_with_adapters	r_written	bp_processed	quality_trimmed	bp_written	percent_trimmed
NRP1-HS578T-shNRP1.3-RNA.1_R1	64365373	43848638	64365373	9654805950	4287325	8588789627	11.041302419962154
NRP1-HS578T-shNRP1.3-RNA.1_R2	64365373	43818100	64365373	9654805950	32245388	8573732476	11.197257403189962
NRP1-HS578T-shNRP1.3-RNA.2_R1	55595805	38042124	55595805	8339370750	4205794	7438807796	10.798931729950969
NRP1-HS578T-shNRP1.3-RNA.2_R2	55595805	37816224	55595805	8339370750	27667472	7425616052	10.95711805354139
NRP1-HS578T-shNRP1.5-RNA.1_R1	58968365	38814481	58968365	8845254750	4777998	8011119740	9.430310755040718
NRP1-HS578T-shNRP1.5-RNA.1_R2	58968365	38780963	58968365	8845254750	29350330	7994403028	9.619301490440398
NRP1-HS578T-shNRP1.5-RNA.2_R1	61714839	40519057	61714839	9257225850	5975498	8419141287	9.05330145963761
NRP1-HS578T-shNRP1.5-RNA.2_R2	61714839	40347002	61714839	9257225850	31556144	8401084183	9.248361019516446
NRP1-HS578T-shNRP1.5-RNA.3_R1	93314329	58618338	93314329	13997149350	11871533	12818429914	8.42113923718332
NRP1-HS578T-shNRP1.5-RNA.3_R2	93314329	58662995	93314329	13997149350	42840438	12794755294	8.590278105448663
NRP1-HS578T-shNT-RNA.1_R1	74752923	49696017	74752923	11212938450	5740691	10016473777	10.670393655821771
NRP1-HS578T-shNT-RNA.1_R2	74752923	49796148	74752923	11212938450	35987922	9998873258	10.827359816641104
NRP1-HS578T-shNT-RNA.2_R1	43378585	30055122	43378585	6506787750	22889840	5671660723	12.834705219945125
NRP1-HS578T-shNT-RNA.2_R2	43378585	30506556	43378585	6506787750	16208529	5666477302	12.914366970092118
NRP1-HS578T-shNT-RNA.3_R1	54665552	39057392	54665552	8199832800	8148245	7106397539	13.334848254466847
NRP1-HS578T-shNT-RNA.3_R2	54665552	38820936	54665552	8199832800	71037877	7060996368	13.888532361294
NRP1-HS578T-siNRP1.3-RNA.1_R1	33079058	22896736	33079058	4961858700	22360285	4393345120	11.457673714086216
NRP1-HS578T-siNRP1.3-RNA.1_R2	33079058	23263422	33079058	4961858700	11772111	4392547053	11.473757747273213
NRP1-HS578T-siNRP1.3-RNA.2_R1	54307541	37597348	54307541	8146131150	3694263	7242227897	11.096104842358203
NRP1-HS578T-siNRP1.3-RNA.2_R2	54307541	37405940	54307541	8146131150	23714384	7232047465	11.221077443615671
NRP1-HS578T-siNRP1.3-RNA.3_R1	43993003	33928605	43993003	6598950450	8125145	5647374030	14.420117671894323
NRP1-HS578T-siNRP1.3-RNA.3_R2	43993003	33715366	43993003	6598950450	16651513	5642474158	14.494369964544893
NRP1-HS578T-siNRP1.5-RNA.1_R1	42279683	28114147	42279683	6341952450	12339267	5719466325	9.8153704227158
NRP1-HS578T-siNRP1.5-RNA.1_R2	42279683	28287879	42279683	6341952450	18249866	5711434141	9.942022018786975
NRP1-HS578T-siNRP1.5-RNA.2_R1	55278586	37175840	55278586	8291787900	3455609	7384780027	10.938628483249072
NRP1-HS578T-siNRP1.5-RNA.2_R2	55278586	36950041	55278586	8291787900	27597209	7372520252	11.08648290436855
NRP1-HS578T-siNRP1.5-RNA.3_R1	69187183	46240189	69187183	10378077450	4455755	9262982599	10.744715062807707
NRP1-HS578T-siNRP1.5-RNA.3_R2	69187183	46483663	69187183	10378077450	27192876	9249127671	10.878216937955113
NRP1-HS578T-siNT-RNA.1_R1	38250586	24866365	38250586	5737587900	3408140	5198027900	9.403951789566484
NRP1-HS578T-siNT-RNA.1_R2	38250586	24888535	38250586	5737587900	18123320	5189263349	9.556708508117149
NRP1-HS578T-siNT-RNA.2_R1	53672494	35533197	53672494	8050874100	4649756	7269368038	9.707095804665483
NRP1-HS578T-siNT-RNA.2_R2	53672494	35550666	53672494	8050874100	44691591	7243044979	10.034054823935206
NRP1-HS578T-siNT-RNA.3_R1	52299037	33503104	52299037	7844855550	3664687	7168722719	8.618805364746327
NRP1-HS578T-siNT-RNA.3_R2	52299037	33753441	52299037	7844855550	30069110	7149347774	8.865781805249428
NRP1-MDA.MB.231-shNRP1.3-RNA.1_R1	34641739	23133726	34641739	5196260850	41620915	4623318017	11.026059883040706
NRP1-MDA.MB.231-shNRP1.3-RNA.1_R2	34641739	23589418	34641739	5196260850	15020823	4626155985	10.971444303070351
NRP1-MDA.MB.231-shNRP1.3-RNA.2_R1	72152738	46076695	72152738	10822910700	5236819	9818326058	9.282019133725274
NRP1-MDA.MB.231-shNRP1.3-RNA.2_R2	72152738	45864557	72152738	10822910700	34754434	9800144971	9.450006170706
NRP1-MDA.MB.231-shNRP1.3-RNA.3_R1	62128136	41312514	62128136	9319220400	6817198	8337373758	10.535716506930129
NRP1-MDA.MB.231-shNRP1.3-RNA.3_R2	62128136	41169305	62128136	9319220400	21986652	8327674925	10.639789944231817
NRP1-MDA.MB.231-shNRP1.5-RNA.1_R1	89103919	57448537	89103919	13365587850	6832689	12018777701	10.076699686650894
NRP1-MDA.MB.231-shNRP1.5-RNA.1_R2	89103919	57258299	89103919	13365587850	36221529	11999825349	10.218499300799552
NRP1-MDA.MB.231-shNRP1.5-RNA.2_R1	59898627	40447682	59898627	8984794050	14453336	7983301938	11.146522740830104
NRP1-MDA.MB.231-shNRP1.5-RNA.2_R2	59898627	40091536	59898627	8984794050	54141004	7949432910	11.523482165960166
NRP1-MDA.MB.231-shNRP1.5-RNA.3_R1	72539821	47782873	72539821	10880973150	5291548	9713878132	10.726016891237343
NRP1-MDA.MB.231-shNRP1.5-RNA.3_R2	72539821	47414116	72539821	10880973150	29633374	9699819574	10.855220022301038
NRP1-MDA.MB.231-shNT-RNA.1_R1	66516076	43284794	66516076	9977411400	4335209	9054589247	9.249113983613023
NRP1-MDA.MB.231-shNT-RNA.1_R2	66516076	43147184	66516076	9977411400	28418811	9041705144	9.378246706355117
NRP1-MDA.MB.231-shNT-RNA.2_R1	71154120	49936214	71154120	10673118000	4201841	9320789264	12.670418672406694
NRP1-MDA.MB.231-shNT-RNA.2_R2	71154120	49468496	71154120	10673118000	55915666	9295707487	12.90541820112923
NRP1-MDA.MB.231-shNT-RNA.3_R1	82318202	55046668	82318202	12347730300	6248238	10975533259	11.112949567743637
NRP1-MDA.MB.231-shNT-RNA.3_R2	82318202	54721836	82318202	12347730300	40159269	10957603300	11.258158108620172
NRP1-MDA.MB.231-siNRP1.3-RNA.1_R1	58087727	38721870	58087727	8713159050	14248763	7853895037	9.861681716919882
NRP1-MDA.MB.231-siNRP1.3-RNA.1_R2	58087727	38762156	58087727	8713159050	27834837	7840773237	10.012279220359234
NRP1-MDA.MB.231-siNRP1.3-RNA.2_R1	60538661	40989256	60538661	9080799150	3675781	8100588937	10.794316632363794
NRP1-MDA.MB.231-siNRP1.3-RNA.2_R2	60538661	40682328	60538661	9080799150	22667108	8092652114	10.881718884840659
NRP1-MDA.MB.231-siNRP1.3-RNA.3_R1	42169257	29867969	42169257	6325388550	25848539	5498473840	13.072947273729138
NRP1-MDA.MB.231-siNRP1.3-RNA.3_R2	42169257	30168075	42169257	6325388550	16581323	5495619610	13.11807066776949
NRP1-MDA.MB.231-siNRP1.5-RNA.1_R1	56591641	36622616	56591641	8488746150	7831961	7716405640	9.098405068927642
NRP1-MDA.MB.231-siNRP1.5-RNA.1_R2	56591641	36443742	56591641	8488746150	19365071	7708053630	9.196794275677568
NRP1-MDA.MB.231-siNRP1.5-RNA.2_R1	51823961	35595835	51823961	7773594150	11959371	6875628087	11.551491442346524
NRP1-MDA.MB.231-siNRP1.5-RNA.2_R2	51823961	35519975	51823961	7773594150	26225353	6863839536	11.703140097685703
NRP1-MDA.MB.231-siNRP1.5-RNA.3_R1	55506278	37340875	55506278	8325941700	4577670	7408571215	11.018218936123466
NRP1-MDA.MB.231-siNRP1.5-RNA.3_R2	55506278	37296606	55506278	8325941700	26372572	7396107270	11.16791905953413
NRP1-MDA.MB.231-siNT-RNA.1_R1	46203509	29254486	46203509	6930526350	5619803	6329110036	8.677786990882733
NRP1-MDA.MB.231-siNT-RNA.1_R2	46203509	29174265	46203509	6930526350	20921995	6319192735	8.82088291894309
NRP1-MDA.MB.231-siNT-RNA.2_R1	62458234	42339768	62458234	9368735100	10106046	8367075124	10.691517748217686
NRP1-MDA.MB.231-siNT-RNA.2_R2	62458234	42296160	62458234	9368735100	29120628	8352997858	10.841775662970768
NRP1-MDA.MB.231-siNT-RNA.3_R1	59325998	37881171	59325998	8898899700	4237047	8133083586	8.60573935899064
NRP1-MDA.MB.231-siNT-RNA.3_R2	59325998	37924789	59325998	8898899700	27345282	8117554786	8.780241831470468
NRP1-SUM159-shNRP1.3-RNA.1_R1	81862865	57933473	81862865	12279429750	6749738	10442510555	14.959320036828258
NRP1-SUM159-shNRP1.3-RNA.1_R2	81862865	57821246	81862865	12279429750	28431868	10430747108	15.055118027773236
NRP1-SUM159-shNRP1.3-RNA.2_R1	48929564	36270168	48929564	7339434600	24291094	6102301467	16.855973251672545
NRP1-SUM159-shNRP1.3-RNA.2_R2	48929564	36635154	48929564	7339434600	17369420	6094945033	16.956204868969063
NRP1-SUM159-shNRP1.3-RNA.3_R1	48451384	35685080	48451384	7267707600	17715010	6080624166	16.333670798753655
NRP1-SUM159-shNRP1.3-RNA.3_R2	48451384	35787680	48451384	7267707600	18541111	6073955982	16.425421655653842
NRP1-SUM159-shNRP1.5-RNA.1_R1	56846941	42105812	56846941	8527041150	10325491	7158458453	16.04991312842439
NRP1-SUM159-shNRP1.5-RNA.1_R2	56846941	42112973	56846941	8527041150	25890876	7146541433	16.18966875749157
NRP1-SUM159-shNRP1.5-RNA.2_R1	70838358	53229506	70838358	10625753700	6513439	8744529761	17.70438118662585
NRP1-SUM159-shNRP1.5-RNA.2_R2	70838358	53004272	70838358	10625753700	26043444	8736480821	17.780130542645647
NRP1-SUM159-shNRP1.5-RNA.3_R1	56156679	39205209	56156679	8423501850	4127354	7315056146	13.158965519785577
NRP1-SUM159-shNRP1.5-RNA.3_R2	56156679	38953464	56156679	8423501850	20368081	7306941118	13.255303457908067
NRP1-SUM159-shNT-RNA.1_R1	60227108	39431286	60227108	9034066200	11158887	8178641506	9.468877857016368
NRP1-SUM159-shNT-RNA.1_R2	60227108	39459447	60227108	9034066200	21925519	8168657958	9.579387872982378
NRP1-SUM159-shNT-RNA.2_R1	59691076	38834120	59691076	8953661400	4142313	8132400423	9.172347940251571
NRP1-SUM159-shNT-RNA.2_R2	59691076	38769042	59691076	8953661400	27088841	8118084242	9.332239858880524
NRP1-SUM159-shNT-RNA.3_R1	76001429	46511817	76001429	11400214350	4679335	10531945750	7.616248022564593
NRP1-SUM159-shNT-RNA.3_R2	76001429	46037219	76001429	11400214350	31782195	10514920401	7.765590381201911
NRP1-SUM159-siNRP1.3-RNA.1_R1	50669494	34135047	50669494	7600424100	2871182	6764080554	11.003906295176344
NRP1-SUM159-siNRP1.3-RNA.1_R2	50669494	33986831	50669494	7600424100	17083529	6756690151	11.101143013848398
NRP1-SUM159-siNRP1.3-RNA.2_R1	58109832	38375513	58109832	8716474800	12089702	7839316542	10.063222554145398
NRP1-SUM159-siNRP1.3-RNA.2_R2	58109832	38764997	58109832	8716474800	23001641	7828778741	10.184117769720393
NRP1-SUM159-siNRP1.3-RNA.3_R1	63016466	45396877	63016466	9452469900	16062077	8069988557	14.625609577450227
NRP1-SUM159-siNRP1.3-RNA.3_R2	63016466	45638824	63016466	9452469900	22726138	8059941530	14.731899542996693
NRP1-SUM159-siNRP1.5-RNA.2_R1	56885347	41856893	56885347	8532802050	23186911	7241470433	15.133734609488567
NRP1-SUM159-siNRP1.5-RNA.2_R2	56885347	41933972	56885347	8532802050	25477779	7231484181	15.250768286602876
NRP1-SUM159-siNRP1.5-RNA.3_R1	73585450	47377720	73585450	11037817500	5567254	10073477171	8.736693907106183
NRP1-SUM159-siNRP1.5-RNA.3_R2	73585450	47307791	73585450	11037817500	32735241	10055170046	8.902552103257731
NRP1-SUM159-siNT-RNA.1_R1	60067031	40211205	60067031	9010054650	5310739	8067714835	10.458758038720664
NRP1-SUM159-siNT-RNA.1_R2	60067031	40198295	60067031	9010054650	27930410	8054991984	10.599965295438025
NRP1-SUM159-siNT-RNA.2_R1	60325991	42029277	60325991	9048898650	5368900	8008290081	11.499836712172701
NRP1-SUM159-siNT-RNA.2_R2	60325991	42085009	60325991	9048898650	23182571	7998818234	11.604510743415167
NRP1-SUM159-siNT-RNA.3_R1	53846249	38001535	53846249	8076937350	3266323	6976680082	13.622208769515836
NRP1-SUM159-siNT-RNA.3_R2	53846249	37871070	53846249	8076937350	22650452	6968328729	13.72560629060717
